100 100 20
19 15 14 12 10 20 03 01 13 17 16 13 10 13 08 02 01 01 13 14 03 09 11 18 06 08 11 14 06 02 08 04 16 01 07 06 01 09 18 05 18 13 17 07 17 17 09 17 09 13 02 11 13 04 08 19 12 10 04 17 11 11 13 18 12 19 03 04 20 12 08 17 04 16 15 20 04 15 08 12 07 09 02 12 13 09 02 04 10 17 12 20 07 04 18 10 03 12 05 02 
04 04 10 07 20 04 19 15 11 06 07 17 15 20 20 19 01 01 14 10 17 05 10 16 09 19 17 03 10 02 16 05 05 05 04 16 20 02 11 10 19 09 19 05 08 18 03 08 11 16 18 19 01 19 14 01 17 11 15 06 04 10 03 08 06 06 16 17 19 06 07 17 14 17 02 13 14 16 01 16 12 18 15 04 16 08 16 12 10 02 09 13 11 03 13 08 08 08 04 06 
05 02 15 10 18 16 02 04 11 02 19 14 11 05 09 06 13 16 09 14 17 10 19 19 12 11 06 12 10 10 17 14 11 11 03 01 18 16 04 01 10 02 06 20 07 15 18 11 02 18 16 19 07 14 17 11 04 15 02 05 04 10 18 06 01 12 06 10 20 01 10 09 03 16 08 01 02 05 03 03 03 18 13 01 04 10 11 19 04 04 04 19 14 13 16 14 05 14 15 04 
14 05 12 08 12 11 20 13 08 02 07 02 12 20 02 15 01 05 05 16 08 08 14 01 01 01 06 17 14 13 20 20 17 03 07 20 05 07 04 12 20 10 05 11 09 07 17 01 03 02 16 02 01 01 15 13 02 12 09 07 04 20 06 12 14 05 11 19 11 14 02 10 04 07 13 04 05 01 17 07 14 12 20 07 13 14 19 06 06 08 12 01 19 10 13 13 14 03 11 16 
09 04 05 04 10 09 07 06 02 03 04 15 07 04 01 11 09 20 16 06 19 19 07 17 08 19 09 01 13 11 16 01 07 13 04 16 13 03 14 14 17 17 01 03 20 01 05 01 12 20 06 02 19 12 19 18 02 19 11 15 02 18 07 08 02 11 15 07 05 08 20 01 17 12 16 08 05 20 08 16 12 14 10 02 17 20 19 19 18 01 05 11 19 11 10 12 13 17 18 17 
04 10 10 12 01 17 20 05 08 19 13 19 12 02 20 01 01 11 19 10 03 03 13 13 05 02 05 18 18 02 06 14 03 07 05 04 03 16 08 11 15 20 01 06 01 13 06 13 03 16 03 17 10 15 10 15 08 14 04 06 07 09 11 10 08 15 05 10 11 12 12 05 04 13 02 04 05 20 09 19 07 11 15 17 17 04 03 04 09 06 01 08 06 11 09 13 18 13 15 20 
04 06 16 07 10 09 03 06 08 11 04 07 13 19 03 01 14 05 16 03 10 17 02 07 19 10 20 08 02 06 07 17 03 02 04 13 11 18 18 10 20 14 16 04 04 10 04 17 14 19 11 15 07 12 02 18 13 13 05 14 10 04 11 12 17 06 16 19 15 14 09 14 19 16 17 02 06 12 10 11 02 13 18 09 16 19 18 09 03 14 02 12 17 04 15 14 01 11 12 15 
16 12 08 14 20 16 07 17 07 16 07 09 08 04 09 16 14 18 04 08 11 17 11 08 01 06 13 01 16 04 16 11 08 15 16 07 03 02 03 01 17 01 01 17 05 09 12 10 06 07 10 17 03 20 16 15 17 08 08 12 03 15 14 10 09 01 08 03 02 10 04 11 03 04 19 19 05 10 08 10 08 09 18 10 09 05 05 05 12 04 09 07 18 14 08 18 15 16 01 08 
17 04 10 19 19 08 17 03 09 17 05 16 05 14 06 05 19 02 02 02 05 10 20 02 15 08 11 01 03 11 09 19 06 18 10 17 18 18 19 06 14 15 02 11 01 07 15 11 20 08 12 16 17 04 09 04 11 19 04 13 10 04 03 07 14 12 03 11 10 14 16 15 20 17 05 20 15 12 10 06 19 14 01 08 17 09 11 07 20 06 11 01 02 13 07 15 17 02 05 06 
15 12 20 14 01 17 06 15 20 15 13 18 08 05 17 16 06 19 02 05 05 12 05 06 17 03 12 13 04 16 18 10 19 09 04 19 17 09 06 16 15 18 14 15 02 02 10 07 01 12 11 05 15 07 02 11 10 13 03 05 20 12 15 18 13 10 17 09 10 02 05 04 11 10 18 04 11 08 11 11 11 13 07 17 12 08 08 13 20 02 17 11 06 11 09 18 20 17 06 09 
18 02 05 20 03 14 03 14 13 05 16 03 10 03 12 13 02 11 05 02 12 01 04 09 12 12 06 03 08 04 04 17 17 08 08 20 13 11 13 06 07 20 20 08 02 11 20 04 01 04 17 05 05 20 13 08 04 11 10 11 14 13 20 10 12 07 01 05 09 05 02 16 05 01 03 18 04 15 01 04 18 09 08 14 01 13 01 04 03 11 06 08 15 05 09 07 04 10 03 12 
14 04 07 10 16 02 08 19 08 20 15 05 01 02 19 01 06 11 16 08 13 01 07 08 18 16 06 01 05 20 12 10 03 11 12 10 04 19 09 11 18 03 07 18 16 17 10 02 08 05 01 20 06 08 19 15 15 04 15 11 03 06 20 17 08 03 07 11 01 07 01 11 09 20 20 16 16 02 09 03 06 02 15 03 09 13 17 15 17 11 05 11 09 16 08 16 19 06 19 19 
12 11 01 12 10 13 07 06 14 08 20 19 09 14 14 09 19 10 03 07 13 07 17 13 02 16 20 12 13 18 03 04 09 03 07 10 07 06 15 20 13 07 11 01 20 04 01 10 05 03 16 09 01 05 13 14 20 13 06 13 02 08 08 02 02 15 12 09 20 18 20 04 04 10 16 16 05 16 05 10 18 01 18 18 05 11 03 16 15 08 20 16 07 08 18 01 02 01 01 13 
18 20 08 02 02 03 09 06 18 13 15 07 05 05 04 01 07 06 17 01 06 16 08 12 15 17 04 08 17 04 20 07 16 07 08 17 09 16 02 18 20 09 04 05 13 19 17 11 17 05 03 02 13 02 05 07 19 01 15 07 04 06 13 19 13 12 15 13 07 09 03 19 17 06 03 01 17 11 03 13 16 05 06 08 18 02 14 16 02 08 03 06 14 07 16 18 19 03 02 05 
11 04 15 19 02 09 11 18 20 13 02 15 09 07 02 06 08 07 14 10 15 16 07 20 14 14 09 12 16 02 09 18 18 03 16 11 12 18 08 11 10 09 05 10 07 18 16 14 04 09 15 10 16 13 01 09 07 01 01 14 03 01 12 12 03 19 02 14 17 09 16 18 09 12 08 07 09 15 20 05 15 07 14 10 11 15 10 17 07 10 03 09 10 14 20 05 04 13 18 12 
13 06 02 01 17 01 07 06 15 19 10 09 17 15 10 07 01 19 16 08 01 18 08 02 03 20 06 06 12 16 10 05 01 11 17 17 03 16 14 09 14 15 09 02 10 18 08 02 08 03 09 08 20 09 10 02 08 07 20 19 02 01 15 02 11 12 11 05 07 04 13 12 19 01 13 20 10 12 01 17 15 10 17 06 18 18 20 17 04 19 15 06 19 10 07 01 13 17 05 19 
13 09 02 11 01 14 10 10 05 10 18 11 11 06 17 20 03 16 08 07 06 03 12 16 04 10 16 08 07 12 06 19 12 07 01 12 12 02 13 08 03 02 19 14 08 07 05 10 14 13 16 19 07 07 14 02 09 01 09 07 04 06 17 15 12 17 18 15 18 10 02 20 03 12 05 10 18 02 12 03 14 07 13 12 06 06 13 14 18 13 20 01 18 16 07 01 04 04 15 13 
05 08 12 08 12 09 09 01 10 20 04 15 07 16 18 04 14 02 09 11 14 08 04 03 15 10 03 18 14 09 10 10 16 13 17 19 13 06 20 14 17 03 20 03 18 17 18 03 10 06 14 03 05 09 17 19 18 19 08 03 07 09 13 15 14 01 05 06 18 04 12 15 06 11 09 16 20 07 18 09 12 03 04 09 11 20 07 01 11 15 03 09 15 07 15 08 08 20 06 17 
03 17 11 01 19 12 08 10 10 17 11 13 20 06 01 02 17 08 02 07 14 17 08 08 03 02 08 02 13 05 19 08 01 01 08 11 12 15 01 01 03 11 06 02 08 06 16 04 13 17 11 18 13 10 18 08 11 05 09 16 09 07 03 01 20 02 03 03 08 03 16 10 05 01 12 04 06 07 08 19 15 10 08 20 19 05 07 01 01 15 16 01 14 10 13 13 11 16 15 18 
10 10 08 07 10 11 10 08 09 17 06 15 18 05 14 16 10 20 09 10 07 16 03 20 06 15 04 16 02 18 06 12 20 05 18 01 07 19 08 07 08 05 01 05 10 07 13 19 18 13 20 04 08 14 03 13 09 06 01 10 16 18 13 07 02 02 07 20 01 15 06 20 11 18 16 20 16 08 10 14 20 02 17 08 15 12 12 03 09 04 05 04 01 17 10 14 19 09 13 11 
15 10 02 05 20 17 17 15 05 06 08 16 07 05 15 14 08 19 08 16 02 12 12 03 01 13 16 11 01 01 13 07 10 14 12 09 10 20 16 06 17 03 14 04 19 08 09 06 06 16 02 20 08 13 02 20 05 09 10 18 09 14 04 11 07 07 11 16 06 06 14 03 09 07 18 19 14 18 05 12 13 18 11 12 02 04 11 06 12 12 15 01 05 11 03 03 09 13 19 07 
19 04 01 19 10 18 17 15 07 01 06 19 10 08 11 11 11 13 17 15 05 03 15 01 05 09 04 14 01 14 20 19 17 20 09 18 09 06 12 15 18 10 13 08 17 15 18 20 08 06 14 04 01 20 16 05 08 11 18 08 16 17 19 04 08 07 01 16 04 13 02 14 02 15 01 10 01 10 09 20 08 02 15 08 01 11 12 20 13 02 08 09 10 18 12 18 16 13 13 12 
17 15 05 18 01 17 19 13 18 08 13 05 01 07 12 14 09 16 13 02 17 12 02 06 09 13 15 17 17 08 08 13 14 04 02 06 20 01 18 17 08 02 14 08 01 05 01 09 12 06 02 20 17 03 06 18 08 20 14 04 19 13 17 04 16 10 01 07 10 11 15 09 04 08 09 04 05 01 05 16 06 06 16 15 01 13 12 08 04 05 11 15 17 19 10 04 09 03 10 10 
13 04 19 16 12 19 12 08 19 16 03 17 13 10 11 13 14 02 20 18 18 03 04 06 01 13 09 01 15 18 11 19 13 01 07 16 19 18 03 09 05 18 05 17 07 15 10 01 16 01 10 13 03 13 18 16 17 18 08 04 07 10 02 20 10 20 15 20 09 10 09 13 07 13 02 05 08 03 05 15 03 06 08 18 10 17 05 07 07 12 02 13 02 15 04 03 15 11 03 03 
20 11 08 18 15 09 02 02 03 19 09 17 04 08 14 14 04 18 12 02 02 13 15 15 07 18 17 13 20 19 16 19 01 15 16 08 15 10 01 17 08 09 13 11 16 19 16 12 08 07 13 09 11 19 15 18 09 12 02 08 02 17 07 15 03 14 02 17 03 02 05 02 11 10 13 06 08 20 17 07 19 02 08 09 20 02 18 08 05 20 16 07 08 14 01 11 19 14 19 14 
15 16 15 17 05 19 15 04 19 03 02 17 04 09 17 16 03 15 03 07 06 10 05 13 03 05 15 14 10 06 07 17 01 01 13 17 12 19 12 10 14 13 18 09 14 14 04 16 08 07 14 13 16 19 18 11 15 12 04 05 17 02 01 17 14 05 05 05 16 16 06 09 01 03 17 14 17 01 01 04 19 14 09 06 04 06 08 19 09 03 15 06 04 15 14 18 11 19 14 18 
06 20 06 06 02 03 11 18 15 11 14 05 17 14 10 20 19 18 10 19 20 04 04 16 10 10 13 01 20 06 18 05 17 16 03 19 10 13 16 16 16 01 20 12 14 09 03 12 18 13 03 10 16 06 05 18 07 09 18 06 06 07 03 03 14 17 13 03 01 08 18 16 09 17 19 02 18 14 06 07 06 08 08 13 05 04 02 04 04 11 01 02 18 15 04 03 11 16 06 12 
15 15 19 15 04 18 09 13 03 06 11 20 05 19 04 01 14 06 04 18 16 05 19 05 19 14 08 02 01 13 13 07 19 03 02 02 12 02 14 14 07 05 13 03 15 17 03 08 02 07 05 17 03 15 02 01 08 09 02 20 13 06 07 11 09 20 05 20 01 18 06 19 14 18 01 08 06 15 16 07 01 12 16 03 19 09 16 06 09 09 18 13 15 04 15 15 15 19 06 07 
17 11 05 10 09 17 10 06 11 17 13 04 08 20 18 06 20 05 04 20 14 13 12 20 08 06 14 02 17 19 08 13 02 04 14 10 12 15 15 14 11 19 17 11 10 07 16 01 11 11 20 16 15 03 15 02 01 20 03 17 11 02 01 12 17 06 13 08 01 19 02 11 10 10 01 11 08 09 12 11 11 03 06 06 06 13 07 06 04 02 14 14 15 14 17 12 19 09 19 19 
20 12 02 09 14 02 19 01 02 02 11 13 05 09 10 10 01 16 07 16 09 20 10 04 05 18 15 15 19 05 06 18 17 07 18 10 20 08 02 14 10 13 06 06 01 15 15 13 02 13 08 11 04 09 14 20 19 20 14 17 04 19 14 12 17 03 01 09 10 03 02 11 07 07 16 19 13 02 03 14 14 02 16 17 03 01 16 01 20 02 17 04 12 02 15 09 04 08 17 05 
02 18 16 20 16 11 18 20 13 12 13 06 13 01 15 15 01 02 07 01 15 15 16 07 16 02 15 11 09 03 16 02 12 11 01 19 13 10 18 05 01 02 03 06 02 09 12 03 02 19 15 17 13 10 03 01 11 09 03 12 03 18 13 14 20 06 12 05 07 09 09 20 10 03 05 12 03 08 06 05 18 20 13 03 01 07 03 11 15 05 02 09 15 07 02 06 04 05 10 10 
05 11 09 14 05 05 17 08 13 14 04 10 05 16 04 05 02 06 16 08 03 09 16 09 07 09 06 10 05 16 12 09 18 12 14 02 17 03 01 01 16 04 02 01 19 06 05 12 03 12 11 17 13 18 05 11 06 11 01 10 18 04 18 15 15 04 08 03 06 09 15 01 12 09 13 03 14 10 06 08 13 17 05 05 14 01 16 12 11 08 13 20 03 03 14 09 06 14 12 11 
02 06 11 05 14 16 19 19 05 05 07 09 13 03 14 18 03 01 09 06 20 02 05 02 04 11 10 09 04 13 11 17 11 13 01 16 08 12 07 04 16 05 13 20 07 18 17 09 18 18 06 09 19 11 02 14 01 03 14 16 16 04 04 18 16 16 05 16 07 11 19 14 15 11 13 01 20 02 02 09 19 07 17 09 09 10 02 01 13 07 16 20 10 19 09 17 15 13 12 13 
04 03 07 18 05 11 11 05 12 12 13 02 10 02 10 19 11 03 19 15 09 07 06 10 17 14 07 11 07 10 16 10 12 02 19 09 04 09 13 08 12 17 09 02 10 19 12 13 01 10 07 10 08 13 19 05 06 17 07 12 07 02 13 10 15 12 18 19 20 02 06 12 11 14 05 20 12 16 12 05 17 19 14 05 03 04 09 20 13 15 12 11 17 16 20 03 07 10 01 07 
03 18 10 13 04 06 05 15 01 16 11 09 06 04 05 08 20 13 20 12 20 11 02 08 06 13 10 05 14 03 11 17 20 12 01 03 17 05 10 09 13 12 17 18 08 02 18 07 06 17 10 05 19 11 04 16 15 14 20 09 08 02 17 19 13 09 14 01 14 15 09 06 06 18 15 13 19 04 19 16 20 20 13 10 10 16 06 17 01 17 17 20 19 13 19 03 01 12 04 06 
06 04 03 11 01 18 16 11 01 14 07 13 06 19 02 07 06 19 03 19 16 19 18 06 03 16 20 16 19 03 01 16 07 04 07 19 13 02 10 05 07 16 09 12 06 11 19 03 01 13 01 16 12 11 13 14 18 13 01 09 07 02 04 05 17 10 04 01 03 13 05 02 20 14 05 05 16 03 19 16 08 20 04 19 02 16 04 11 08 05 19 15 18 03 11 14 12 14 14 07 
06 10 20 05 15 04 01 02 19 20 18 06 11 13 16 12 08 11 14 08 07 13 14 04 15 04 09 18 18 14 04 15 04 03 12 10 19 12 12 17 11 09 02 13 01 17 16 20 19 10 19 06 02 12 09 16 08 10 13 17 03 09 11 18 03 02 08 01 06 19 17 08 19 10 01 11 18 16 02 17 17 01 14 18 12 02 05 19 11 18 15 06 18 18 03 20 11 10 13 16 
20 01 04 18 03 16 08 20 03 10 08 20 02 01 17 13 15 02 04 17 11 10 02 20 07 05 11 10 14 03 05 14 16 20 03 18 15 03 09 18 04 17 17 05 09 05 09 03 18 12 20 20 14 01 19 12 05 10 01 11 04 06 16 19 05 10 16 12 12 17 09 15 13 17 19 01 13 08 16 03 11 15 02 04 07 13 08 12 02 08 14 05 05 01 16 10 10 03 13 02 
19 13 08 03 01 19 04 13 18 11 07 08 05 09 04 11 01 11 14 14 10 19 10 15 19 05 16 01 20 08 14 18 20 01 13 20 11 08 04 08 18 11 08 02 11 03 04 03 05 18 16 14 16 05 20 07 02 15 19 01 02 12 10 13 04 02 12 15 01 08 02 18 18 01 19 20 03 03 02 19 12 17 05 19 13 04 05 14 19 03 06 20 06 08 05 10 01 16 04 02 
15 17 19 04 10 10 03 04 04 04 03 15 12 07 13 05 10 10 10 08 04 08 20 10 15 04 19 07 11 14 08 06 02 19 09 11 08 04 07 11 19 09 17 11 07 01 07 16 10 08 16 06 15 07 15 01 02 05 20 12 10 07 09 11 17 10 14 16 13 20 06 03 20 14 13 06 15 11 01 16 19 08 01 05 14 07 18 07 11 17 11 12 03 19 03 12 20 08 07 04 
07 05 07 06 18 11 03 04 02 03 12 12 03 12 16 08 11 13 15 01 09 05 13 04 15 07 07 15 14 13 10 12 17 16 09 07 07 11 10 20 05 01 11 07 05 18 15 15 11 01 07 11 17 11 06 11 17 12 17 02 05 07 13 13 02 13 19 20 03 09 19 20 01 01 06 17 19 12 11 01 04 18 03 20 08 09 03 17 12 19 18 08 05 03 01 19 07 19 10 02 
19 01 01 12 01 18 08 11 02 11 11 05 20 06 05 19 14 19 15 17 17 05 05 14 19 17 12 17 07 13 18 18 13 18 09 06 08 08 16 09 18 19 13 09 04 09 08 09 07 14 05 04 18 01 09 08 17 12 05 04 04 14 01 17 12 01 14 19 20 09 19 10 19 11 18 02 12 05 10 18 19 07 13 08 07 01 08 16 12 12 19 08 05 11 04 08 03 09 18 02 
17 16 11 08 19 09 09 10 05 11 07 15 09 12 03 07 04 10 02 08 13 12 15 09 02 10 09 16 18 06 18 06 14 20 13 12 20 14 01 05 04 19 11 04 02 13 10 06 14 12 13 18 15 19 07 09 08 15 04 05 12 13 02 05 13 15 16 04 08 08 20 03 19 11 18 20 15 07 05 09 10 09 18 05 07 04 13 06 10 08 02 02 01 04 18 05 10 06 08 09 
13 08 03 11 18 20 11 12 06 07 12 08 08 10 04 06 05 16 12 07 03 05 08 15 08 05 19 09 10 07 17 15 14 19 05 03 18 07 06 16 06 10 03 13 11 06 18 15 13 01 01 07 06 20 02 13 17 20 14 18 18 10 12 03 09 09 05 18 07 03 13 12 12 07 04 02 04 14 08 08 14 01 07 11 20 08 16 08 19 09 06 17 18 09 11 18 09 16 16 16 
10 20 19 13 19 03 14 14 08 13 14 13 05 20 04 17 19 19 04 17 07 01 05 16 10 16 14 18 03 01 05 12 20 04 04 10 18 09 16 05 13 09 09 18 08 12 14 06 02 17 14 08 18 19 04 19 14 09 08 16 09 13 19 20 08 14 02 05 02 17 01 14 05 09 11 04 13 16 01 14 13 14 14 02 04 09 12 09 09 11 16 17 15 14 08 02 07 09 18 20 
05 18 14 01 19 16 04 03 12 16 08 16 10 13 09 05 01 20 14 09 10 09 17 05 15 05 18 13 13 16 13 10 05 18 10 03 05 06 17 16 01 05 03 02 17 11 07 10 02 12 10 04 12 19 08 06 15 17 11 19 12 15 08 17 12 18 11 16 15 08 04 15 04 18 17 20 09 03 01 02 06 03 05 17 01 04 15 15 01 05 05 12 11 13 08 02 02 19 09 16 
18 04 10 01 14 18 12 14 12 13 15 17 07 20 14 07 15 20 13 15 16 17 19 06 01 18 19 02 08 19 09 05 03 19 05 16 16 17 09 20 01 15 16 07 06 01 05 01 20 17 15 15 05 05 12 06 03 10 19 10 09 08 15 03 18 11 10 05 19 10 04 19 04 20 17 02 20 01 02 12 09 08 18 06 13 10 03 15 19 01 04 19 20 10 13 17 01 02 02 19 
03 17 10 19 16 18 20 08 11 01 19 11 08 16 16 12 17 18 06 08 11 02 06 10 11 11 19 03 12 20 14 07 16 03 05 04 12 04 11 02 16 01 13 03 08 20 07 05 10 12 12 20 05 09 01 08 19 19 10 03 10 03 01 18 17 05 13 09 20 15 02 15 07 14 17 14 06 15 10 15 07 13 06 03 14 06 10 12 17 20 06 18 14 06 07 03 02 19 03 01 
05 04 15 11 10 04 05 15 18 06 09 16 19 14 11 12 11 20 15 07 11 13 17 17 10 03 19 12 14 01 04 18 04 19 09 13 14 05 07 03 10 07 11 08 12 01 19 03 20 06 01 11 18 17 19 07 12 17 18 05 17 14 02 12 12 10 17 17 06 15 19 16 02 09 03 13 09 14 07 01 19 08 03 16 04 01 14 07 17 12 11 05 05 05 08 08 06 04 16 12 
19 14 07 12 15 01 16 15 14 03 07 04 10 09 11 05 01 05 12 09 08 14 13 04 18 13 03 04 16 18 15 06 03 01 17 17 13 13 04 07 07 10 02 16 11 13 20 11 17 03 20 16 17 04 19 14 16 01 17 04 18 03 09 20 15 18 09 08 02 04 06 08 05 07 03 15 19 14 18 07 09 09 02 05 04 12 10 12 12 19 15 01 01 15 13 16 04 13 15 05 
16 20 04 20 06 18 07 17 12 16 15 12 04 09 08 19 20 17 10 04 15 16 16 08 03 08 15 06 20 09 03 07 08 06 19 05 04 05 13 07 12 08 18 15 08 05 13 07 01 15 02 08 10 18 07 12 05 01 10 17 01 12 03 20 17 01 04 20 17 17 06 08 16 15 14 03 19 19 01 12 13 03 11 14 20 17 18 16 09 07 04 09 18 07 08 06 19 03 18 16 
19 15 15 06 10 09 08 08 07 09 19 11 03 09 04 14 17 01 09 05 19 13 13 08 11 12 14 09 15 11 16 05 05 11 11 14 19 10 14 17 18 04 07 20 05 02 05 01 15 14 06 13 18 10 01 20 02 06 08 08 16 16 12 12 06 14 06 16 04 11 04 13 14 10 05 18 03 09 19 17 14 16 02 11 05 02 10 06 07 10 05 14 05 17 05 02 02 02 17 05 
12 20 18 18 01 14 15 03 02 05 12 08 20 13 18 05 06 20 02 04 01 07 17 05 15 13 18 16 07 14 13 18 05 02 15 17 15 02 19 08 06 02 15 18 06 05 02 11 04 15 06 16 13 14 12 07 07 09 15 13 14 07 02 18 08 09 14 02 02 04 01 07 18 16 04 03 20 17 06 15 04 11 10 16 17 01 03 03 01 09 07 14 15 20 03 02 08 16 15 09 
11 15 08 08 02 03 03 01 12 08 07 15 10 16 10 06 08 04 20 08 12 18 13 06 18 15 19 17 02 05 18 13 20 17 12 01 19 14 14 10 13 20 16 03 08 06 20 15 09 12 15 13 09 19 10 18 14 09 07 07 13 04 11 04 20 03 17 10 08 02 12 01 13 07 15 20 04 14 07 05 05 13 17 06 11 06 15 16 06 01 03 11 16 13 06 15 07 02 17 15 
15 20 15 08 18 09 07 02 14 05 06 11 17 14 08 20 19 02 15 05 03 09 15 18 14 20 05 12 14 13 06 20 12 12 07 01 12 06 02 06 10 19 08 19 12 15 18 11 16 04 07 10 05 13 20 18 04 16 09 09 20 07 09 03 18 15 03 10 12 05 07 14 03 14 12 07 08 01 09 15 04 15 17 08 19 08 17 02 15 18 11 14 04 11 16 13 05 18 14 09 
14 20 02 09 05 05 15 04 05 03 11 20 09 07 20 07 06 16 20 20 13 10 05 08 20 20 13 17 09 06 17 03 18 18 11 02 14 05 06 18 19 08 09 07 06 08 05 11 04 04 02 08 06 06 08 17 17 20 05 05 05 13 07 02 10 17 16 15 13 13 12 03 20 13 01 05 20 17 15 15 13 08 03 18 13 02 06 09 01 03 13 17 15 12 11 17 20 06 11 05 
18 15 07 17 07 20 01 18 16 07 13 08 06 07 17 18 08 15 18 08 17 02 04 03 13 14 19 13 11 02 17 08 08 15 16 14 14 08 03 02 14 15 09 19 01 18 08 08 12 05 07 08 19 03 02 11 08 01 15 19 14 03 18 01 18 14 06 03 01 08 04 07 03 05 17 03 02 05 03 05 01 09 12 19 11 05 02 11 05 16 09 10 19 06 10 08 11 15 10 12 
15 06 18 17 02 06 11 15 02 05 19 03 14 02 13 16 06 06 06 03 02 06 12 20 04 14 19 14 20 20 05 14 05 14 02 18 20 05 04 01 09 02 15 02 15 20 10 01 05 07 15 06 13 18 17 16 11 15 09 03 07 06 08 03 19 10 01 10 06 04 03 14 18 17 08 12 16 09 04 13 15 18 10 19 08 07 14 10 13 15 12 19 12 20 02 02 01 14 12 06 
09 06 11 06 02 18 10 10 06 13 14 13 03 03 11 10 09 17 19 14 03 11 04 14 02 17 15 14 10 18 19 11 15 01 16 09 19 05 18 16 10 11 08 12 13 19 01 14 15 19 19 17 01 02 02 02 11 08 15 12 18 05 02 12 06 10 20 16 06 09 11 15 11 11 06 16 09 06 01 15 05 19 03 05 12 04 19 02 03 13 06 20 10 07 12 15 16 03 10 02 
12 12 08 02 02 14 09 10 19 09 16 15 07 18 12 11 13 02 04 16 06 09 15 15 16 18 09 03 13 10 16 04 02 04 17 03 17 18 05 07 06 12 14 05 10 17 15 14 18 18 09 03 07 16 18 14 05 18 16 17 08 04 12 01 19 01 15 07 18 11 13 15 03 18 19 04 06 13 17 03 11 06 18 09 13 07 02 09 16 09 06 15 04 09 15 02 01 02 08 18 
12 13 05 14 10 03 17 08 16 14 10 18 11 19 18 15 17 19 03 13 19 20 07 03 09 14 04 09 15 04 19 06 16 03 12 17 17 08 04 12 13 06 01 15 04 18 09 01 08 04 13 19 03 11 01 11 04 16 12 18 19 02 16 06 16 07 03 12 06 06 16 11 11 08 05 07 06 06 07 05 09 11 03 11 01 15 14 17 03 17 06 13 10 13 19 05 11 01 08 17 
06 03 19 17 11 15 03 08 20 01 04 20 03 19 03 15 13 16 11 07 04 09 20 13 01 18 09 12 18 16 20 15 11 18 03 13 04 17 12 04 17 15 15 11 13 17 06 18 04 08 16 19 16 15 11 17 12 11 20 01 07 19 16 09 08 18 01 11 07 04 06 03 18 01 06 03 09 11 12 05 10 07 03 06 02 14 14 05 04 13 06 02 03 13 02 10 02 14 12 08 
17 18 03 07 10 08 01 10 10 12 14 19 10 17 04 03 02 09 08 05 13 05 19 15 09 12 16 10 06 08 18 14 17 20 20 06 19 20 07 08 03 01 06 13 17 02 15 18 10 14 14 03 10 04 09 18 16 05 08 13 04 17 06 20 08 06 17 06 17 03 13 20 03 10 04 11 11 10 08 13 16 14 07 05 17 15 03 04 11 02 16 14 10 02 05 17 07 13 14 15 
16 18 14 10 07 17 01 10 19 20 14 14 13 20 18 02 06 12 05 17 05 01 02 14 02 19 02 20 11 15 14 18 12 20 08 19 16 20 20 06 11 13 19 16 04 09 17 09 12 01 17 17 13 11 02 14 01 04 05 11 18 19 09 10 18 08 20 05 19 11 11 09 15 01 16 18 09 12 18 13 05 07 09 17 09 10 03 09 05 07 19 15 17 19 04 06 18 15 11 16 
17 13 17 11 05 12 08 06 16 17 18 20 03 18 08 11 19 10 19 04 09 10 18 05 08 13 11 18 19 13 05 15 17 13 05 01 17 04 06 12 20 15 03 03 12 10 13 11 12 04 14 20 13 03 16 12 15 18 01 05 02 06 19 18 18 15 11 14 18 16 17 17 03 19 11 14 09 16 04 20 19 09 11 03 11 18 06 17 16 07 01 09 12 11 07 01 05 17 07 14 
04 03 03 06 02 13 12 02 20 15 13 10 16 03 12 06 12 10 15 19 16 07 08 19 18 14 19 14 02 17 08 17 20 10 15 13 14 06 14 14 12 18 03 07 12 07 05 03 16 19 02 11 05 09 01 14 14 11 08 07 08 07 03 19 08 17 11 13 02 16 06 14 13 01 12 16 07 16 18 14 14 11 16 11 11 16 16 04 06 03 10 05 01 05 03 08 01 05 13 15 
20 18 20 04 10 11 11 08 19 09 01 04 11 16 14 02 11 02 17 09 04 19 13 17 03 16 16 15 12 08 01 12 18 12 07 07 15 10 15 13 10 15 16 20 11 02 01 13 03 18 01 18 08 14 06 10 01 02 16 12 09 17 15 06 08 14 05 14 03 19 06 12 05 14 11 07 07 04 20 01 13 12 18 20 17 04 01 17 17 16 01 05 04 07 03 04 20 07 17 14 
17 15 17 01 20 08 08 06 03 19 06 07 10 15 18 07 10 18 15 06 05 07 03 01 14 05 16 13 03 04 19 19 18 15 11 09 14 10 14 16 08 11 14 10 06 11 08 15 20 14 13 05 01 15 17 14 19 12 18 13 15 16 03 05 11 13 13 04 03 19 12 02 09 05 03 06 16 10 13 15 04 05 11 04 19 07 09 09 10 06 01 17 02 15 01 12 07 05 15 01 
15 18 03 04 03 17 01 18 07 13 04 02 09 15 17 19 13 05 07 03 10 19 19 03 05 11 06 12 07 13 12 02 10 06 17 12 03 17 01 01 02 05 02 10 11 10 01 03 14 19 05 15 10 15 10 14 05 15 05 12 07 09 05 17 06 01 08 08 09 01 08 10 05 01 12 07 10 12 09 15 02 06 02 11 20 11 05 17 05 01 20 04 09 04 20 15 16 19 14 04 
19 14 06 15 06 09 01 16 12 02 02 13 07 15 04 18 05 20 06 02 20 05 05 01 20 16 07 15 06 20 11 05 05 16 11 11 04 04 18 15 05 19 07 11 14 02 20 10 01 06 03 13 02 19 13 02 14 11 08 20 10 18 16 07 05 18 17 20 01 14 06 05 04 05 07 09 06 07 19 19 12 01 11 13 20 15 06 05 05 14 16 06 03 03 12 20 01 08 19 01 
13 05 18 17 09 04 05 06 02 15 04 05 08 06 18 07 12 15 03 08 20 19 14 15 01 17 14 13 17 04 14 09 20 03 17 08 18 14 06 20 08 01 04 15 07 13 13 10 20 16 18 19 06 03 13 18 19 18 11 07 02 16 08 01 18 04 01 07 17 06 06 17 06 02 11 04 14 16 14 13 11 03 04 08 05 16 05 15 14 15 14 07 02 01 19 11 16 19 18 05 
16 03 01 02 04 03 17 10 18 02 14 08 16 17 07 12 05 12 07 10 18 12 16 20 12 14 10 19 05 07 03 20 02 03 13 17 18 10 06 15 03 12 15 19 08 01 10 04 12 08 13 02 19 20 01 02 06 02 01 10 09 03 09 02 18 02 18 15 03 16 01 17 07 15 07 14 16 17 18 19 16 02 20 07 02 12 08 07 14 20 16 14 15 16 15 12 09 04 18 03 
19 18 20 05 13 06 11 20 14 20 10 10 01 10 16 14 13 15 20 18 15 07 11 09 15 17 12 03 01 09 06 11 18 17 08 10 14 18 01 08 09 11 09 01 12 16 15 04 10 06 02 16 05 04 16 19 13 07 01 05 07 18 15 05 14 02 06 20 11 07 07 19 09 07 12 20 02 06 15 03 03 08 19 07 04 06 05 16 13 06 20 11 15 06 07 01 08 13 20 10 
11 18 01 19 04 12 10 05 17 16 19 19 04 17 06 19 15 10 14 07 07 05 09 14 10 16 14 17 20 13 07 10 10 07 20 05 10 01 09 06 16 19 16 11 16 13 09 02 15 14 08 13 18 08 06 08 03 19 16 14 11 14 15 12 12 14 16 01 14 16 18 02 15 14 12 02 18 13 03 12 06 02 05 16 09 10 03 04 09 18 09 11 12 04 15 15 17 10 16 03 
18 13 16 12 18 19 13 16 11 07 07 09 08 03 04 08 13 18 03 13 07 12 15 10 15 09 05 03 19 20 17 16 04 04 19 02 03 03 17 05 09 15 05 08 18 20 07 02 17 02 14 04 05 08 13 11 17 09 13 07 20 02 14 04 05 12 17 07 06 13 04 06 19 08 05 16 08 03 09 16 04 02 19 08 10 04 18 18 04 03 16 04 16 09 07 20 12 03 19 17 
07 14 14 17 01 18 05 20 20 13 16 16 15 14 15 16 09 05 05 13 07 20 16 14 08 14 05 11 08 03 07 14 16 12 10 09 09 06 08 20 19 03 15 13 09 10 20 09 14 04 01 12 03 08 05 02 13 09 12 20 04 10 05 11 01 07 11 09 12 11 20 10 13 15 14 13 16 13 02 01 08 14 04 10 14 20 11 06 20 14 18 15 03 14 06 03 20 08 03 04 
18 03 13 03 09 19 15 16 11 08 08 11 02 11 20 07 10 03 04 01 16 01 16 11 15 13 13 06 20 08 09 18 02 14 20 02 12 06 17 14 14 16 04 07 06 16 13 07 10 08 07 17 09 14 07 15 06 12 12 06 11 13 15 12 06 06 13 09 11 01 14 16 16 10 02 13 05 06 11 06 14 09 02 14 03 01 20 20 12 11 17 14 03 11 05 20 08 09 08 11 
09 02 06 16 03 08 20 19 05 02 04 18 02 17 11 04 17 10 16 20 13 12 13 15 15 09 15 02 17 14 12 17 07 18 04 09 17 15 07 01 16 02 11 18 19 01 13 07 03 08 19 15 12 11 01 06 12 07 07 08 01 19 17 19 08 20 08 16 15 06 16 02 20 06 11 10 19 04 16 13 03 14 07 14 17 19 11 20 06 18 07 06 08 15 16 07 15 15 02 01 
13 09 14 12 07 05 01 17 20 08 09 02 14 07 08 02 05 10 01 10 07 19 07 06 14 03 12 20 09 05 12 01 14 05 12 20 09 12 16 20 12 04 14 05 02 13 06 06 02 06 08 01 16 14 06 09 08 10 20 17 14 11 17 19 08 01 18 08 04 05 08 15 20 01 19 01 13 16 07 06 13 06 06 09 11 12 09 19 13 01 07 18 11 15 17 10 15 14 18 11 
11 17 05 10 17 16 11 01 03 09 18 16 14 04 16 04 07 04 14 19 16 12 16 07 19 12 08 05 18 05 15 08 01 12 17 09 07 19 01 01 19 19 16 04 02 11 20 08 07 13 18 02 17 13 20 15 17 20 19 14 04 14 13 17 17 01 17 15 20 10 15 10 20 11 14 01 13 13 20 11 17 09 05 05 13 16 19 09 15 10 14 11 15 06 07 11 07 15 05 18 
04 19 07 03 01 12 15 14 04 06 16 13 14 20 17 19 16 08 07 02 17 01 12 11 06 10 01 04 05 17 01 20 15 20 15 16 11 01 01 07 07 16 11 12 16 07 02 03 14 09 04 02 09 16 12 06 05 04 02 01 20 14 13 15 13 07 02 16 07 02 14 05 17 04 09 04 02 10 18 08 10 02 09 10 09 13 08 13 16 09 06 16 02 18 02 07 16 03 02 14 
16 15 19 04 18 19 08 11 20 05 18 10 18 07 19 06 19 18 11 06 06 08 01 08 05 14 14 20 08 07 13 03 01 03 19 10 13 06 20 13 02 10 14 20 08 04 17 06 02 19 11 07 06 04 06 10 09 11 01 17 17 06 11 09 08 09 10 13 06 02 05 20 11 10 11 18 13 07 15 14 06 17 01 11 12 18 13 01 09 05 09 05 10 11 06 10 20 15 02 17 
16 18 16 06 07 18 15 19 05 09 13 02 06 05 04 17 02 08 09 02 13 17 19 02 08 04 11 19 18 04 07 14 01 15 11 07 12 06 06 08 06 10 09 03 06 05 20 07 12 20 01 04 09 19 18 16 02 08 06 19 12 12 04 04 06 15 11 18 12 08 05 09 09 06 12 14 02 03 12 13 02 12 09 10 10 06 17 03 05 02 02 08 06 17 12 03 03 14 20 06 
01 17 15 01 14 06 14 15 08 05 19 09 09 19 11 10 04 07 13 01 01 06 08 18 02 11 20 05 04 12 10 16 20 04 16 13 09 09 19 08 06 09 09 06 08 19 15 03 17 07 03 09 12 11 06 14 01 06 10 17 09 11 12 08 15 20 12 15 20 02 15 05 02 03 10 09 13 17 04 09 03 06 10 15 08 15 20 01 12 01 09 12 11 20 19 05 19 02 12 19 
03 06 15 05 20 17 05 12 13 08 20 07 06 01 01 05 08 12 17 19 12 05 03 03 05 01 19 15 15 02 05 17 19 12 13 18 08 10 09 12 09 01 18 14 01 11 11 08 02 07 19 06 12 01 20 08 13 10 14 07 12 19 04 10 02 08 08 09 17 08 12 06 08 09 11 09 19 13 08 13 20 06 10 03 18 09 10 11 18 15 17 01 13 12 03 14 20 02 14 08 
09 05 05 17 06 08 17 16 20 04 08 11 02 17 05 19 17 14 09 07 01 18 07 05 09 09 11 20 10 04 20 19 01 04 07 06 03 15 01 03 10 01 05 11 09 10 02 06 15 02 04 15 19 10 20 20 11 10 19 12 05 18 02 17 14 08 14 16 14 07 10 04 07 07 06 07 16 19 12 02 01 07 17 11 17 08 02 19 09 13 10 13 02 12 02 15 11 15 03 05 
01 04 08 19 10 05 06 17 04 09 19 16 16 07 06 12 14 20 02 14 12 11 18 13 02 19 20 13 14 14 09 14 17 16 13 07 12 10 03 15 18 13 10 13 19 08 16 04 07 17 09 18 20 07 02 01 05 01 05 18 14 05 04 03 12 08 09 04 17 03 18 06 08 08 19 18 15 06 02 13 15 02 10 14 08 11 06 13 04 03 02 09 07 05 11 11 12 11 14 08 
14 11 06 13 10 04 10 16 01 03 08 07 05 09 12 12 12 10 04 15 04 06 15 02 02 06 12 14 16 05 13 01 08 18 13 17 13 03 13 06 05 12 12 09 01 16 13 12 05 08 18 08 13 12 09 15 09 01 20 05 05 04 17 04 02 02 01 06 16 05 11 12 16 15 13 16 10 05 19 14 12 16 01 17 08 01 03 16 13 02 12 10 05 01 13 18 02 13 04 09 
09 06 20 05 20 12 12 09 16 11 14 08 18 06 04 17 07 06 05 19 19 16 08 15 08 13 13 01 05 08 09 14 13 09 10 13 20 01 13 16 03 07 15 01 04 10 17 10 07 01 01 17 09 20 11 08 12 03 09 09 10 09 02 15 17 03 07 09 03 11 16 18 09 10 10 13 11 18 14 17 19 14 13 19 06 15 18 17 18 06 17 19 15 10 13 03 12 11 11 07 
02 06 04 10 07 13 02 17 02 16 05 20 01 09 10 06 04 08 15 13 05 11 11 11 13 16 14 04 06 16 10 07 02 05 09 20 09 02 09 11 09 13 02 10 14 04 07 09 11 13 01 07 16 11 18 08 06 03 03 04 18 13 02 11 09 10 03 18 12 11 08 12 15 09 13 08 12 12 16 14 04 16 13 11 19 02 10 16 04 13 19 13 17 13 16 05 02 18 02 05 
08 01 17 02 02 09 02 13 12 17 19 16 05 11 18 15 12 20 10 07 04 01 11 20 13 06 16 06 15 18 11 14 10 19 16 11 19 09 16 11 05 14 18 01 16 07 15 19 06 17 05 09 09 07 20 13 13 16 18 19 05 20 13 14 10 08 05 01 08 20 11 12 05 20 05 20 06 19 10 12 07 06 12 15 12 12 19 04 07 09 03 11 08 07 16 10 06 20 10 13 
11 20 16 15 19 20 06 16 11 07 07 17 12 11 04 04 02 02 19 20 10 13 02 10 19 17 19 04 17 20 16 19 11 12 06 01 03 03 16 13 10 15 02 01 05 05 04 06 18 15 17 08 07 18 09 06 14 07 01 02 18 17 01 08 20 06 08 02 08 03 07 09 17 08 10 01 12 05 18 09 19 14 08 18 11 16 15 17 14 15 18 11 03 10 10 02 15 17 16 15 
20 02 03 08 01 04 01 12 09 18 12 19 04 12 16 06 07 10 02 13 05 12 03 19 01 13 01 08 01 08 02 12 01 16 20 01 20 20 04 20 09 15 18 04 06 06 10 05 15 03 17 11 14 11 10 15 15 02 02 16 09 15 07 01 02 06 01 13 17 04 12 18 10 02 01 08 07 10 12 13 13 20 04 18 10 05 04 05 06 17 12 06 11 18 06 05 16 18 17 12 
13 09 09 14 02 10 01 08 11 04 20 15 03 15 13 05 19 16 01 16 13 12 13 15 09 10 11 04 07 08 08 11 08 08 05 09 17 17 16 20 01 07 14 15 02 06 11 12 14 11 20 18 14 12 04 15 02 15 10 20 02 17 11 09 05 07 17 13 03 04 12 15 10 06 10 03 03 12 07 16 15 06 05 08 09 09 02 10 03 04 02 16 20 04 16 16 10 12 01 04 
07 12 19 16 09 20 11 12 11 17 19 05 02 04 13 10 04 06 12 18 09 05 13 01 08 08 08 09 11 08 12 17 12 02 04 20 01 14 03 12 10 14 16 03 09 20 05 12 18 08 01 18 12 13 18 11 12 18 11 14 05 02 10 08 16 05 20 16 19 02 07 20 07 15 03 15 14 07 18 03 06 18 01 17 02 10 19 05 07 09 18 04 02 19 11 17 04 10 13 02 
04 11 01 10 05 15 05 11 13 14 05 18 12 05 06 13 07 04 18 13 04 07 08 18 06 11 14 09 12 18 02 15 01 14 17 17 01 13 19 13 06 04 11 09 20 08 02 06 04 11 11 07 17 18 04 14 08 10 14 20 19 07 06 11 01 14 08 13 06 18 05 04 01 07 12 13 15 05 18 18 15 08 16 04 18 12 09 05 13 03 16 11 09 14 14 01 07 01 13 05 
18 18 08 11 16 19 03 10 04 12 19 10 12 15 05 09 06 14 05 18 16 01 20 16 06 13 17 12 05 01 08 15 10 15 05 06 06 19 07 09 02 06 10 13 20 15 01 17 08 06 14 15 18 05 02 15 18 18 06 02 11 14 16 20 20 12 17 05 02 04 05 04 09 15 08 20 01 01 16 20 18 09 14 07 13 07 01 02 17 18 16 07 11 03 18 03 15 15 07 08 
18 12 03 18 18 11 17 18 11 12 17 20 12 02 06 16 08 06 18 04 03 13 02 06 15 20 08 01 06 06 01 03 09 03 12 06 13 08 15 15 11 03 14 02 16 11 17 16 16 06 11 11 10 13 16 17 04 15 17 09 20 17 03 09 12 14 06 04 13 01 11 03 15 16 04 11 07 12 06 14 10 16 04 19 20 19 15 03 13 04 03 05 12 05 05 03 18 10 19 02 
02 09 04 17 16 19 19 02 03 04 16 12 11 19 10 03 10 17 05 02 20 08 18 03 12 02 06 02 12 04 15 05 04 19 13 19 09 11 01 11 06 08 14 17 06 04 19 07 12 15 09 03 02 06 05 06 20 10 19 11 13 13 07 08 03 20 07 12 10 19 14 16 06 08 04 03 03 02 10 14 16 10 16 10 07 20 07 06 02 17 08 06 01 15 14 16 14 20 07 15 
18 12 10 15 19 13 17 13 06 18 06 14 19 13 15 06 05 13 03 06 01 11 11 01 17 04 08 02 15 14 16 04 18 18 18 08 02 07 01 08 16 18 13 15 11 07 20 07 11 14 12 11 04 14 03 20 10 11 13 04 16 09 20 13 18 17 01 19 15 01 06 11 10 18 05 20 16 16 18 06 09 09 16 05 15 11 16 04 01 09 19 16 09 18 01 06 07 13 04 01 
